DATAS TO CHECK

1. input_data = (17.99, 10.38, 122.8, 1001.0, 0.1184, 0.2776, 0.3001, 0.1471, 0.2419, 0.07871,
              1.095, 0.9053, 8.589, 153.4, 0.006399, 0.04904, 0.05373, 0.01587, 0.03003, 0.006193,
              25.38, 17.33, 184.6, 2019.0, 0.1622, 0.6656, 0.7119, 0.2654, 0.4601, 0.1189)

2. input_data = (13.54, 14.36, 87.46, 566.3, 0.09779, 0.08129, 0.06664, 0.04781, 0.1885, 0.05766,
              0.2699, 0.7886, 2.058, 23.56, 0.008462, 0.01460, 0.02387, 0.01315, 0.01980, 0.002300,
              14.64, 20.13, 94.74, 651.9, 0.1322, 0.1049, 0.1609, 0.1024, 0.2655, 0.07238)

3. input_data = (20.57, 17.77, 132.9, 1326.0, 0.08474, 0.07864, 0.0869, 0.07017, 0.1812, 0.05667,
              0.5435, 0.7339, 3.398, 74.08, 0.005225, 0.01308, 0.0186, 0.0134, 0.01389, 0.003532,
              24.99, 21.22, 158.8, 1956.0, 0.1238, 0.1866, 0.2416, 0.186, 0.275, 0.08902)

4. input_data = (12.45, 15.70, 82.57, 477.1, 0.1278, 0.1700, 0.1578, 0.08089, 0.2087, 0.07613,
              0.4101, 1.074, 3.050, 33.15, 0.006905, 0.04355, 0.04996, 0.01547, 0.01992, 0.006881,
              13.13, 19.20, 87.43, 528.1, 0.1418, 0.2700, 0.2855, 0.1051, 0.3060, 0.08223)

